.Random.seed <-
c(403L, 10L, 966533550L, 1125223432L, -1875984373L, 176354537L, 
-1525935176L, -1794581402L, 1125825793L, -1419551853L, -1416790974L, 
-1908063244L, 1537002999L, -504851987L, 1220944516L, -1705995094L, 
928645653L, 249986735L, -266322762L, 990481120L, 749483555L, 
-1236911807L, 444671024L, -1500463538L, -965858631L, 1805487819L, 
-376998022L, -1440350596L, 246839999L, -538109035L, 547511212L, 
1502663042L, -1253632163L, 866417239L, -1178668738L, -1274801800L, 
1591536219L, 1896062393L, 517193736L, -1324088650L, 149330417L, 
2012762147L, -1997475726L, -47590716L, -1006877561L, 1940191325L, 
-838033836L, -1838949254L, 737478597L, -1253406433L, 1940572326L, 
-1004934608L, 497463507L, -2021081359L, -1629004256L, 527689918L, 
-734565175L, 2078688891L, 581059658L, 520588460L, -694297681L, 
-1325490331L, 1272526108L, 1755225458L, 1447876077L, 2075982375L, 
-221930930L, -14819672L, -1215499093L, 435615177L, -1527858728L, 
1067823238L, 1975631201L, 558551283L, -1632919710L, -2043962924L, 
1015246039L, -1000067379L, -1388706204L, -358153142L, -1376808523L, 
-2026726129L, -1297016298L, -1329367872L, 1005113987L, -719683935L, 
-2097024880L, 504437614L, -1535851239L, 91846059L, -689826918L, 
-665187492L, -1149580705L, 835170869L, -98412084L, -593907422L, 
1166750589L, -1671671689L, 2120357278L, 763391064L, -819570245L, 
2090868569L, -1965974296L, 1156597014L, -164440431L, -16082109L, 
1414383186L, 922740964L, -1519289561L, 1624100733L, -724655500L, 
432028762L, 1000785061L, -38887745L, -1854536378L, 1181846480L, 
1388643827L, -1973784303L, 630316352L, 16325918L, 706447849L, 
1002187547L, 1058649386L, -837980596L, -193938929L, -1808638651L, 
-1026588932L, -1147710126L, -891741491L, -1894944121L, 1283806574L, 
2074185544L, -2079982773L, -695737687L, 903890936L, 1896228646L, 
1153783873L, 1800321491L, -1812294782L, 1236359092L, 1991429943L, 
1953678893L, -161499324L, 796279914L, -561799467L, 1293310063L, 
-954689162L, 1137730208L, -1300557981L, 1228899329L, -129814672L, 
-1638111474L, -844217991L, -545172213L, -2086941126L, -172956356L, 
811772543L, 2093822421L, -879308820L, 1051685186L, 547335837L, 
1343220503L, -1320166786L, 182192696L, 2005978395L, 683260537L, 
-1350797624L, 1399557878L, -481343695L, 1395629923L, 2013754674L, 
-1212004732L, 1619874503L, 1877111197L, 1772860692L, -553821254L, 
2132094469L, 147148767L, 931391078L, -1041559056L, -1308279021L, 
-312672079L, 124961632L, -1981361922L, -1238671223L, 735850427L, 
-2046322294L, -146773908L, -1262138897L, -1797160411L, 1235637980L, 
1763986610L, -641925203L, -206052505L, -1810292594L, 856423784L, 
-79176341L, 218115849L, 274563480L, 697485510L, -1274308063L, 
-196861261L, -1887621086L, -1204688364L, -1315295593L, 1563476109L, 
-823151196L, 996505482L, -715181067L, 133773903L, -1735443114L, 
-493930496L, 953248067L, 1699980513L, -25477552L, 1341596334L, 
-2069961127L, -2113032597L, -418118694L, 129602716L, -505446753L, 
-1447176971L, 1170314636L, -1860562846L, 941457469L, -594511177L, 
-1235918498L, -1849472872L, 1486361595L, -1075813792L, 385975436L, 
1626338656L, 1029458146L, 888176808L, -534156596L, -1560418820L, 
-2073395278L, 936204272L, -936131132L, -1250059944L, -1430342278L, 
-1985780304L, -943625796L, -91915692L, 1618759106L, 1890335520L, 
1490455484L, -1146796976L, -1497489438L, -1797676184L, -754620596L, 
1097038588L, 472562418L, 790327552L, -467151756L, -363275768L, 
-812258886L, -16795184L, 1589128172L, 649693076L, 1433087186L, 
289687648L, -422928052L, -109189344L, 2066819714L, -1291925016L, 
-1010232340L, -676569540L, 766483058L, 102522736L, -1442803420L, 
1923698232L, 1010916762L, 1561589200L, -1258679876L, -1264622956L, 
-2101266814L, -1176366656L, -575307972L, -1551960432L, -218148062L, 
304072200L, 1932474124L, 1347614620L, 2093621266L, -578772096L, 
309255956L, 1707411752L, -380952518L, -1032808496L, 2020043372L, 
-812577740L, 301733010L, 2065595744L, -205786804L, 803383776L, 
1592246178L, 703401896L, 1568633996L, -1511754820L, 127686770L, 
10089456L, -1514913724L, -1693035432L, -1475964870L, 2039398512L, 
-501616068L, 486701844L, -1947009342L, 894959328L, -1014336388L, 
-438615856L, -122539102L, 1924698664L, 778904844L, 1551276988L, 
925812018L, 992185536L, -196059596L, 41342664L, 1023514298L, 
1279221904L, -1993868564L, -1014388140L, -714617198L, -1377928416L, 
1292037068L, 651427040L, 384199362L, 2010718248L, 1681296300L, 
156670652L, -1273248270L, -802314704L, 112832420L, 1029473720L, 
2127871834L, 1492244624L, 1156402044L, -1053482220L, -2081783486L, 
2052375296L, 1288818620L, -1577979056L, -1576061662L, -1737990584L, 
1214703628L, -813166500L, 695810514L, -1164166656L, -950255276L, 
688317672L, -1379631878L, 273250000L, -1036604116L, 184666356L, 
-1715071598L, -1447069344L, 1492006924L, 1466269408L, -2095457694L, 
-1115144536L, 1867191884L, -42919044L, 685438258L, 947641968L, 
2117720900L, -1681165352L, 2082963322L, 791859760L, 1013386172L, 
843833940L, 1865722946L, 1317075104L, 1817051836L, 1738792400L, 
863328098L, 792842984L, -1893178164L, 1971269116L, -1753097742L, 
1711404672L, -820443660L, -766430584L, 1801226042L, 1853284176L, 
1216318572L, -957149804L, 2079566930L, 1739586016L, 354792652L, 
-432263008L, 945629570L, 16644328L, 1886544620L, 580818236L, 
1103416434L, -1917475728L, -1643058140L, -478601160L, 461499162L, 
-1384014640L, -1318331588L, -1500764268L, 481144706L, -1523173952L, 
-373013956L, 1140783504L, -217449950L, -1960612600L, -1270695284L, 
262199068L, 474624146L, 519709056L, -1128267244L, 1215865640L, 
-721066438L, -682501680L, 1951602028L, 1119187892L, -730997742L, 
1935888864L, 1684497356L, 115486944L, 82159650L, -1837081304L, 
625620492L, 545088316L, -1243196430L, 1449164528L, -710849980L, 
1574366808L, 1287639866L, 1890390512L, 1988918972L, 1310563604L, 
819519170L, 46899296L, -1833949316L, -679978032L, 1349262626L, 
1028269736L, 438963084L, 2076507324L, -1893963982L, 1506570816L, 
989419700L, 1539197512L, -1836679750L, -1016614384L, -2099568916L, 
-856232620L, -1277086446L, 1630599584L, -782819636L, -722483616L, 
-343052229L, -106404468L, 1876532250L, -1087156081L, 1790257113L, 
1469646958L, -36467716L, 1554438509L, 48853783L, 428028640L, 
-364285762L, 1687420555L, -67541747L, 2047928634L, -2093172360L, 
-1834845407L, 1971006419L, -338046220L, -2089845886L, 1085434391L, 
-1390008095L, 1028417062L, 1177845540L, -722358315L, 83457919L, 
1509802520L, -8208074L, 953855939L, -1825387003L, -1815913054L, 
1860526480L, -1669990087L, 990084587L, 294321884L, -1968977142L, 
-1620515329L, -1885455287L, 1384087006L, -961262196L, -2007983779L, 
1551012199L, 1782649488L, 403664046L, -601309861L, 688832829L, 
1106430890L, -1743496120L, 658965617L, -989523485L, 77737188L, 
-127313902L, 1067629543L, 1744085937L, -314286602L, 1199431700L, 
-1448267995L, -1079814097L, -1390345752L, 1345025734L, 2083133299L, 
-1853214763L, -766687310L, -1641856640L, -1885669015L, 1344376283L, 
949683500L, 899608378L, -1944534545L, 275600505L, -1472993522L, 
-1369578788L, -1076911795L, 1646460087L, 1650730560L, -1770068194L, 
808861163L, 167330157L, 1498193882L, 2073946520L, 1212102657L, 
1483504051L, 1600082132L, -1565903390L, 263905399L, 215598529L, 
-902385850L, 205757060L, -1029725131L, 1768817695L, 229639032L, 
1583147606L, -879905053L, 1429893285L, 1262149954L, -167172304L, 
552350553L, -1325582133L, -141489860L, 1584350570L, -235384929L, 
83294761L, -128277314L, 1143504300L, 1249485565L, -2055647673L, 
-1829622480L, 1207180878L, -2093322629L, 965033437L, -2107081718L, 
-1160274648L, 747983761L, 1978951043L, -951745916L, -9281358L, 
180772871L, -1903870895L, -582644778L, -2074291532L, -1168354619L, 
-1405709297L, 566744200L, 801093030L, 672783699L, 699528885L, 
299297810L, 1236430304L, 1855950921L, -2113776005L, -1860657332L, 
1294924506L, 846773967L, -311210343L, -1199574354L, -140177476L, 
